0 0.923500 0.378000 0.049000 0.049000
0 0.666000 0.649500 0.048000 0.048000
0 0.756000 0.966500 0.041000 0.041000
0 0.703000 0.656500 0.038000 0.038000
0 0.211000 0.704000 0.116000 0.116000
0 0.322000 0.749000 0.108000 0.108000
0 0.354000 0.649500 0.108000 0.108000
2 0.640500 0.434500 0.044000 0.044000
0 0.713000 0.964000 0.041000 0.041000
0 0.894500 0.538000 0.041000 0.041000
0 0.926000 0.559000 0.041000 0.041000
0 0.610500 0.463000 0.041000 0.041000
1 0.035500 0.389000 0.059000 0.059000
1 0.119500 0.630000 0.112000 0.112000
0 0.178500 0.593000 0.094000 0.094000
