1 0.246000 0.812000 0.039000 0.039000
2 0.729000 0.950000 0.036000 0.036000
1 0.102500 0.245500 0.110000 0.110000
1 0.257500 0.363000 0.036000 0.036000
1 0.499000 0.360000 0.041000 0.041000
0 0.627500 0.462000 0.093000 0.093000
0 0.704500 0.456500 0.093000 0.093000
0 0.577500 0.126500 0.121000 0.121000
0 0.626000 0.078500 0.080000 0.080000
0 0.550000 0.068500 0.099000 0.099000
0 0.933000 0.542500 0.076000 0.076000
1 0.215500 0.355000 0.050000 0.050000
1 0.214000 0.536500 0.041000 0.041000
0 0.616500 0.865000 0.068000 0.068000
0 0.261500 0.676000 0.041000 0.041000
