2 0.840500 0.878500 0.080000 0.080000
0 0.499500 0.566500 0.104000 0.104000
2 0.775000 0.554500 0.038000 0.038000
0 0.495500 0.492500 0.096000 0.096000
2 0.569500 0.540000 0.096000 0.096000
2 0.564500 0.417500 0.038000 0.038000
2 0.935500 0.388500 0.043000 0.043000
0 0.248000 0.438000 0.050000 0.050000
0 0.383000 0.163500 0.063000 0.063000
0 0.430000 0.187500 0.063000 0.063000
0 0.494000 0.183000 0.076000 0.076000
0 0.532000 0.099000 0.095000 0.095000
0 0.443500 0.118500 0.095000 0.095000
0 0.201000 0.900500 0.041000 0.041000
1 0.917000 0.541000 0.068000 0.068000
