0 0.757500 0.465500 0.030000 0.030000
0 0.765000 0.433000 0.038000 0.038000
2 0.302000 0.820500 0.038000 0.038000
1 0.336000 0.826000 0.038000 0.038000
1 0.816500 0.870000 0.038000 0.038000
1 0.847500 0.850000 0.038000 0.038000
1 0.783000 0.233500 0.080000 0.080000
0 0.820000 0.302000 0.071000 0.071000
0 0.779000 0.277000 0.063000 0.063000
2 0.549000 0.750500 0.041000 0.041000
0 0.613000 0.594500 0.032000 0.032000
0 0.893000 0.594500 0.068000 0.068000
1 0.754000 0.565000 0.041000 0.041000
2 0.054000 0.441000 0.032000 0.032000
1 0.828500 0.599500 0.076000 0.076000
0 0.023500 0.573500 0.041000 0.041000
0 0.281000 0.633000 0.041000 0.041000
0 0.308500 0.624000 0.041000 0.041000
0 0.276500 0.845000 0.041000 0.041000
0 0.598000 0.738000 0.041000 0.041000
