1 0.577000 0.216500 0.045000 0.045000
1 0.577000 0.216500 0.045000 0.045000
0 0.261500 0.717500 0.051000 0.051000
1 0.304500 0.668000 0.071000 0.071000
1 0.304500 0.668000 0.071000 0.071000
0 0.853500 0.270000 0.046000 0.046000
1 0.709500 0.278500 0.071000 0.071000
1 0.612500 0.221000 0.044000 0.044000
0 0.429500 0.220000 0.076000 0.076000
1 0.774500 0.285500 0.068000 0.068000
2 0.969000 0.725000 0.044000 0.044000
0 0.807500 0.733000 0.036000 0.036000
1 0.565000 0.393000 0.044000 0.044000
0 0.821500 0.448000 0.044000 0.044000
2 0.851500 0.434500 0.036000 0.036000
1 0.790000 0.621000 0.076000 0.076000
