1 0.359000 0.314000 0.071000 0.071000
0 0.559500 0.272500 0.038000 0.038000
0 0.597500 0.285000 0.046000 0.046000
0 0.849500 0.186500 0.046000 0.046000
0 0.080500 0.254500 0.080000 0.080000
0 0.688500 0.760000 0.063000 0.063000
0 0.550000 0.667000 0.038000 0.038000
2 0.525000 0.644500 0.038000 0.038000
0 0.647500 0.523000 0.055000 0.055000
0 0.553500 0.460500 0.038000 0.038000
2 0.591000 0.451500 0.038000 0.038000
1 0.383000 0.646500 0.088000 0.088000
1 0.294000 0.301500 0.059000 0.059000
1 0.300000 0.403500 0.050000 0.050000
0 0.431500 0.748500 0.041000 0.041000
0 0.642000 0.745500 0.050000 0.050000
