0 0.410000 0.920000 0.063000 0.063000
1 0.833500 0.740500 0.038000 0.038000
0 0.876500 0.564500 0.038000 0.038000
1 0.931000 0.828500 0.071000 0.071000
2 0.515000 0.627000 0.063000 0.063000
1 0.700000 0.336500 0.041000 0.041000
0 0.572000 0.407000 0.071000 0.071000
1 0.958500 0.522000 0.059000 0.059000
0 0.636000 0.510000 0.041000 0.041000
0 0.921500 0.906500 0.041000 0.041000
0 0.451000 0.639000 0.041000 0.041000
0 0.384500 0.313500 0.041000 0.041000
2 0.649000 0.319500 0.041000 0.041000
1 0.667000 0.337000 0.041000 0.041000
1 0.865000 0.467000 0.068000 0.068000
1 0.890500 0.508500 0.068000 0.068000
