0 0.934000 0.231500 0.039000 0.039000
0 0.175000 0.701500 0.036000 0.036000
0 0.175000 0.701500 0.036000 0.036000
1 0.868000 0.265500 0.080000 0.080000
2 0.521000 0.434000 0.071000 0.071000
1 0.963000 0.301000 0.060000 0.060000
1 0.893000 0.288500 0.068000 0.068000
0 0.886000 0.411000 0.041000 0.041000
1 0.642000 0.355000 0.050000 0.050000
0 0.457000 0.445000 0.041000 0.041000
0 0.383000 0.162500 0.041000 0.041000
0 0.571000 0.214000 0.068000 0.068000
0 0.091500 0.924500 0.068000 0.068000
0 0.427500 0.727500 0.059000 0.059000
1 0.665500 0.173000 0.050000 0.050000
1 0.945000 0.622500 0.068000 0.068000
