0 0.243500 0.495000 0.046000 0.046000
0 0.826000 0.435000 0.035000 0.035000
0 0.806500 0.502500 0.035000 0.035000
1 0.160500 0.185000 0.044000 0.044000
0 0.433500 0.048500 0.038000 0.038000
0 0.267000 0.909000 0.041000 0.041000
0 0.225500 0.899000 0.060000 0.060000
0 0.240000 0.941000 0.063000 0.063000
2 0.602000 0.546000 0.041000 0.041000
2 0.399000 0.440000 0.041000 0.041000
0 0.454000 0.476000 0.055000 0.055000
0 0.490500 0.479500 0.060000 0.060000
0 0.027500 0.288500 0.038000 0.038000
0 0.451000 0.226000 0.063000 0.063000
1 0.175000 0.360000 0.096000 0.096000
