0 0.521500 0.123500 0.092000 0.092000
2 0.243000 0.400000 0.039000 0.039000
0 0.214500 0.398000 0.037000 0.037000
0 0.804500 0.717500 0.039000 0.039000
0 0.181500 0.222500 0.038000 0.038000
0 0.189000 0.245000 0.038000 0.038000
2 0.843500 0.392500 0.038000 0.038000
0 0.388000 0.281500 0.096000 0.096000
1 0.600000 0.104500 0.088000 0.088000
2 0.808000 0.567000 0.036000 0.036000
2 0.356500 0.698000 0.100000 0.100000
0 0.498500 0.881500 0.041000 0.041000
0 0.036500 0.871000 0.032000 0.032000
1 0.684500 0.066500 0.085000 0.085000
