0 0.206000 0.808500 0.044000 0.044000
2 0.255000 0.747000 0.060000 0.060000
2 0.925000 0.737500 0.044000 0.044000
0 0.769500 0.808000 0.044000 0.044000
1 0.754000 0.712000 0.084000 0.084000
0 0.787000 0.274500 0.036000 0.036000
0 0.822000 0.283000 0.036000 0.036000
2 0.816500 0.457500 0.036000 0.036000
0 0.783000 0.468500 0.044000 0.044000
0 0.282000 0.209000 0.036000 0.036000
1 0.663000 0.326000 0.068000 0.068000
2 0.310500 0.507500 0.068000 0.068000
0 0.517500 0.414000 0.044000 0.044000
2 0.746000 0.372000 0.076000 0.076000
1 0.674500 0.361500 0.076000 0.076000
0 0.369000 0.278000 0.084000 0.084000
