1 0.451000 0.633500 0.056000 0.056000
0 0.724000 0.780500 0.038000 0.038000
1 0.716500 0.418500 0.038000 0.038000
0 0.636500 0.206000 0.088000 0.088000
0 0.535500 0.198500 0.113000 0.113000
0 0.351000 0.759000 0.038000 0.038000
2 0.692000 0.957000 0.032000 0.032000
0 0.448000 0.458500 0.041000 0.041000
0 0.415500 0.575000 0.112000 0.112000
1 0.124000 0.724500 0.076000 0.076000
0 0.715500 0.982000 0.032000 0.032000
0 0.335500 0.897500 0.041000 0.041000
0 0.328000 0.915500 0.041000 0.041000
0 0.699500 0.440500 0.041000 0.041000
0 0.670000 0.443500 0.041000 0.041000
