0 0.704500 0.660000 0.036000 0.036000
0 0.291000 0.248000 0.038000 0.038000
2 0.489000 0.717000 0.044000 0.044000
0 0.691000 0.204000 0.057000 0.057000
0 0.062000 0.733500 0.049000 0.049000
0 0.231000 0.737000 0.052000 0.052000
2 0.327500 0.425000 0.036000 0.036000
1 0.248000 0.495000 0.052000 0.052000
0 0.261500 0.745000 0.052000 0.052000
0 0.052500 0.391000 0.044000 0.044000
0 0.327500 0.254500 0.036000 0.036000
0 0.211000 0.509500 0.052000 0.052000
0 0.955000 0.541500 0.052000 0.052000
2 0.955000 0.322000 0.044000 0.044000
