2 0.638500 0.557000 0.048000 0.048000
0 0.897500 0.592000 0.041000 0.041000
0 0.665500 0.734500 0.036000 0.036000
0 0.234500 0.721000 0.036000 0.036000
0 0.234500 0.721000 0.036000 0.036000
0 0.384000 0.703500 0.036000 0.036000
2 0.382000 0.370000 0.042000 0.042000
0 0.542000 0.141000 0.082000 0.082000
1 0.744500 0.211000 0.066000 0.066000
0 0.516000 0.695500 0.066000 0.066000
0 0.791000 0.213500 0.044000 0.044000
2 0.740500 0.499500 0.068000 0.068000
0 0.801500 0.949500 0.068000 0.068000
0 0.751000 0.903500 0.059000 0.059000
0 0.769000 0.471500 0.050000 0.050000
0 0.855000 0.727500 0.059000 0.059000
0 0.822000 0.701000 0.059000 0.059000
0 0.794000 0.720000 0.059000 0.059000
