0 0.161500 0.957500 0.038000 0.038000
1 0.196000 0.685500 0.038000 0.038000
2 0.794500 0.880500 0.041000 0.041000
0 0.758500 0.965500 0.066000 0.066000
2 0.051500 0.697000 0.071000 0.071000
0 0.613500 0.825500 0.044000 0.044000
2 0.588500 0.806500 0.041000 0.041000
1 0.475500 0.890500 0.093000 0.093000
0 0.743000 0.735000 0.060000 0.060000
0 0.606500 0.614000 0.044000 0.044000
2 0.639500 0.603500 0.038000 0.038000
1 0.423000 0.555500 0.077000 0.077000
1 0.352000 0.547000 0.074000 0.074000
0 0.105500 0.482500 0.077000 0.077000
