0 0.944500 0.592500 0.030000 0.030000
0 0.790500 0.565000 0.030000 0.030000
1 0.528000 0.158000 0.030000 0.030000
0 0.289000 0.613000 0.030000 0.030000
0 0.100000 0.381500 0.038000 0.038000
0 0.784000 0.304500 0.063000 0.063000
1 0.426000 0.090000 0.063000 0.063000
1 0.573500 0.152000 0.041000 0.041000
2 0.803000 0.263000 0.041000 0.041000
0 0.142000 0.508500 0.032000 0.032000
0 0.334000 0.460000 0.032000 0.032000
0 0.754000 0.255500 0.050000 0.050000
0 0.516000 0.942000 0.041000 0.041000
0 0.631500 0.721500 0.041000 0.041000
0 0.602000 0.692000 0.041000 0.041000
