0 0.980500 0.561000 0.037000 0.037000
0 0.948500 0.569000 0.037000 0.037000
0 0.472500 0.840000 0.031000 0.031000
0 0.900500 0.916000 0.058000 0.058000
0 0.704500 0.581500 0.046000 0.046000
1 0.521500 0.461500 0.063000 0.063000
0 0.189000 0.735500 0.036000 0.036000
0 0.460000 0.702000 0.052000 0.052000
2 0.865000 0.787500 0.036000 0.036000
0 0.489500 0.062000 0.041000 0.041000
0 0.840000 0.118000 0.050000 0.050000
0 0.508500 0.844500 0.041000 0.041000
0 0.955500 0.914000 0.050000 0.050000
0 0.877000 0.649000 0.041000 0.041000
