0 0.419000 0.340000 0.085000 0.085000
0 0.054500 0.869000 0.038000 0.038000
0 0.103000 0.858000 0.046000 0.046000
0 0.409500 0.651500 0.080000 0.080000
2 0.630500 0.925000 0.038000 0.038000
1 0.376500 0.257500 0.063000 0.063000
0 0.360000 0.311000 0.063000 0.063000
1 0.562000 0.616500 0.050000 0.050000
1 0.878500 0.795500 0.094000 0.094000
2 0.323500 0.794000 0.041000 0.041000
2 0.596000 0.936000 0.041000 0.041000
0 0.600500 0.627000 0.041000 0.041000
0 0.100500 0.650500 0.041000 0.041000
0 0.371000 0.788000 0.041000 0.041000
