1 0.526500 0.591000 0.041000 0.041000
0 0.316000 0.213000 0.041000 0.041000
1 0.933000 0.458000 0.037000 0.037000
0 0.908500 0.461000 0.041000 0.041000
1 0.936000 0.278000 0.044000 0.044000
1 0.348500 0.197000 0.044000 0.044000
0 0.936000 0.133500 0.099000 0.099000
1 0.897500 0.278000 0.050000 0.050000
2 0.116500 0.585500 0.103000 0.103000
0 0.331000 0.593000 0.041000 0.041000
0 0.038000 0.236500 0.032000 0.032000
0 0.079500 0.239500 0.050000 0.050000
0 0.026500 0.878500 0.041000 0.041000
0 0.352000 0.828000 0.032000 0.032000
0 0.903500 0.856500 0.103000 0.103000
