2 0.953000 0.644000 0.035000 0.035000
0 0.692500 0.639500 0.035000 0.035000
0 0.921000 0.786500 0.052000 0.052000
0 0.041000 0.796000 0.044000 0.044000
0 0.042500 0.596500 0.036000 0.036000
0 0.028500 0.433000 0.044000 0.044000
0 0.664500 0.266000 0.052000 0.052000
1 0.304500 0.298000 0.044000 0.044000
0 0.281000 0.483000 0.036000 0.036000
0 0.683000 0.695500 0.036000 0.036000
0 0.519000 0.547500 0.036000 0.036000
2 0.469500 0.759500 0.036000 0.036000
0 0.212500 0.804500 0.052000 0.052000
0 0.248000 0.809500 0.068000 0.068000
1 0.224000 0.566000 0.052000 0.052000
0 0.190500 0.578500 0.060000 0.060000
2 0.306500 0.473000 0.036000 0.036000
2 0.930000 0.385500 0.052000 0.052000
0 0.933500 0.604500 0.052000 0.052000
