0 0.139000 0.652000 0.036000 0.036000
2 0.128000 0.626000 0.036000 0.036000
2 0.074500 0.666500 0.041000 0.041000
1 0.394500 0.200000 0.042000 0.042000
1 0.363500 0.202500 0.045000 0.045000
2 0.793000 0.456000 0.042000 0.042000
0 0.388500 0.387000 0.038000 0.038000
1 0.049000 0.733500 0.096000 0.096000
0 0.618000 0.430000 0.041000 0.041000
0 0.840000 0.637500 0.032000 0.032000
0 0.809000 0.602000 0.032000 0.032000
0 0.674500 0.557500 0.041000 0.041000
0 0.585500 0.448000 0.041000 0.041000
0 0.056000 0.341500 0.085000 0.085000
