0 0.156500 0.769000 0.104000 0.104000
1 0.721000 0.712500 0.121000 0.121000
0 0.630000 0.731000 0.121000 0.121000
1 0.946000 0.434500 0.038000 0.038000
0 0.792000 0.359500 0.046000 0.046000
1 0.793000 0.110500 0.046000 0.046000
1 0.304000 0.073500 0.046000 0.046000
0 0.632500 0.165500 0.043000 0.043000
2 0.044000 0.264500 0.041000 0.041000
0 0.189000 0.726000 0.059000 0.059000
0 0.522000 0.892000 0.094000 0.094000
2 0.578000 0.178500 0.068000 0.068000
1 0.254000 0.443500 0.041000 0.041000
0 0.050000 0.437500 0.041000 0.041000
0 0.312000 0.439000 0.041000 0.041000
