0 0.566500 0.723000 0.046000 0.046000
2 0.562500 0.901500 0.046000 0.046000
2 0.513000 0.873000 0.046000 0.046000
2 0.711000 0.683500 0.046000 0.046000
2 0.656000 0.589000 0.055000 0.055000
0 0.618000 0.659500 0.038000 0.038000
0 0.292000 0.428000 0.063000 0.063000
0 0.265500 0.415000 0.063000 0.063000
0 0.744500 0.711000 0.046000 0.046000
0 0.724500 0.637500 0.050000 0.050000
0 0.772000 0.656500 0.059000 0.059000
0 0.517500 0.911000 0.041000 0.041000
0 0.426000 0.822000 0.041000 0.041000
0 0.396000 0.508500 0.041000 0.041000
